
 
 CELLS 
 
c   spacer 500
510 20 -3.88   490 511 470     540 541 542 543 544 545 546 547
511 20 -3.88   488 513 470     540 541 542 543 544 545 546 547
511 20 -3.88   489 512 470 531 550     540 541 542 543 544 545 546 547
c   spacer 600
610 20 -3.88   590 611 570     640 641 642 643 644 645 646 647
611 20 -3.88   588 613 570     640 641 642 643 644 645 646 647
611 20 -3.88   589 612 570 631 650     640 641 642 643 644 645 646 647
c   spacer 700
710 20 -3.88   690 711 670     740 741 742 743 744 745 746 747
711 20 -3.88   688 713 670     740 741 742 743 744 745 746 747
711 20 -3.88   689 712 670 731 750     740 741 742 743 744 745 746 747
c   spacer 800
810 20 -3.88   790 811 770     840 841 842 843 844 845 846 847
811 20 -3.88   788 813 770     840 841 842 843 844 845 846 847
811 20 -3.88   789 812 770 831 850     840 841 842 843 844 845 846 847

 
 SURFACES 
 
510 PX  200.25 $+ disk
511 PX  200.1 $+ spacer
512 PX  199.9 $- spacer
513 PX  199.75 $- disk
514 PX  200.0 $midplane
520 PX  200.09999328971878
521 PX  200.0999945
522 PX  200.0999995
523 PX  199.90000671028122
524 PX  199.9000055
525 PX  199.9000005
c 
530 C/X  0.0 -8.3 0.235 $ceramic out
531 C/X  0.0 -8.3 0.075 $ceramin in 
532 C/X  0.0 -8.3 0.396075 $steel out  
533 C/X  0.0 -8.3 0.346075 $steel in   
540 C/X  0.150000 -8.300000 0.020320
541 C/X  0.106066 -8.193934 0.020320
542 C/X  0.000000 -8.150000 0.020320
543 C/X  -0.106066 -8.193934 0.020320
544 C/X  -0.150000 -8.300000 0.020320
545 C/X  -0.106066 -8.406066 0.020320
546 C/X  0.000000 -8.450000 0.020320
547 C/X  0.106066 -8.406066 0.020320
c 
550 RPP 199.7649 200.2351   -0.05 0.05   -8.350000000000001 -8.25
c 
560 PX  180
610 PX  210.25 $+ disk
611 PX  210.1 $+ spacer
612 PX  209.9 $- spacer
613 PX  209.75 $- disk
614 PX  210.0 $midplane
620 PX  210.09999328971878
621 PX  210.0999945
622 PX  210.0999995
623 PX  209.90000671028122
624 PX  209.9000055
625 PX  209.9000005
c 
630 C/X  0.0 -8.3 0.235 $ceramic out
631 C/X  0.0 -8.3 0.075 $ceramin in 
632 C/X  0.0 -8.3 0.396075 $steel out  
633 C/X  0.0 -8.3 0.346075 $steel in   
640 C/X  0.150000 -8.300000 0.020320
641 C/X  0.106066 -8.193934 0.020320
642 C/X  0.000000 -8.150000 0.020320
643 C/X  -0.106066 -8.193934 0.020320
644 C/X  -0.150000 -8.300000 0.020320
645 C/X  -0.106066 -8.406066 0.020320
646 C/X  0.000000 -8.450000 0.020320
647 C/X  0.106066 -8.406066 0.020320
c 
650 RPP 209.7649 210.2351   -0.05 0.05   -8.350000000000001 -8.25
c 
660 PX  180
710 PX  220.25 $+ disk
711 PX  220.1 $+ spacer
712 PX  219.9 $- spacer
713 PX  219.75 $- disk
714 PX  220.0 $midplane
720 PX  220.09999328971878
721 PX  220.0999945
722 PX  220.0999995
723 PX  219.90000671028122
724 PX  219.9000055
725 PX  219.9000005
c 
730 C/X  0.0 -8.3 0.235 $ceramic out
731 C/X  0.0 -8.3 0.075 $ceramin in 
732 C/X  0.0 -8.3 0.396075 $steel out  
733 C/X  0.0 -8.3 0.346075 $steel in   
740 C/X  0.150000 -8.300000 0.020320
741 C/X  0.106066 -8.193934 0.020320
742 C/X  0.000000 -8.150000 0.020320
743 C/X  -0.106066 -8.193934 0.020320
744 C/X  -0.150000 -8.300000 0.020320
745 C/X  -0.106066 -8.406066 0.020320
746 C/X  0.000000 -8.450000 0.020320
747 C/X  0.106066 -8.406066 0.020320
c 
750 RPP 219.7649 220.2351   -0.05 0.05   -8.350000000000001 -8.25
c 
760 PX  180
810 PX  230.25 $+ disk
811 PX  230.1 $+ spacer
812 PX  229.9 $- spacer
813 PX  229.75 $- disk
814 PX  230.0 $midplane
820 PX  230.09999328971878
821 PX  230.0999945
822 PX  230.0999995
823 PX  229.90000671028122
824 PX  229.9000055
825 PX  229.9000005
c 
830 C/X  0.0 -8.3 0.235 $ceramic out
831 C/X  0.0 -8.3 0.075 $ceramin in 
832 C/X  0.0 -8.3 0.396075 $steel out  
833 C/X  0.0 -8.3 0.346075 $steel in   
840 C/X  0.150000 -8.300000 0.020320
841 C/X  0.106066 -8.193934 0.020320
842 C/X  0.000000 -8.150000 0.020320
843 C/X  -0.106066 -8.193934 0.020320
844 C/X  -0.150000 -8.300000 0.020320
845 C/X  -0.106066 -8.406066 0.020320
846 C/X  0.000000 -8.450000 0.020320
847 C/X  0.106066 -8.406066 0.020320
c 
850 RPP 229.7649 230.2351   -0.05 0.05   -8.350000000000001 -8.25
c 
860 PX  180
